image: offline_map.pgm
resolution: 0.080000
origin: [-15.360000, -7.840000, 0]
negate: 0
occupied_thresh: 0.65
free_thresh: 0.196

